	z[m]	p[mb]	tp[K]	q[g/kg]	u[m/s]	v[m/s]
0
	128
	1014.8
 25.0000	1002.6831	301.3677	 16.1806	  0.0000	  0.0000
 50.0000	999.8709	301.1698	 15.6324	  0.0000	  0.0000
105.2632	993.6678	300.9447	 14.9495	  0.0000	  0.0000
160.5263	987.4879	300.8564	 14.6447	  0.0000	  0.0000
226.3158	980.1644	300.8389	 14.4198	  0.0000	  0.0000
292.1052	972.8791	300.8484	 14.2279	  0.0000	  0.0000
368.4210	964.4763	300.8965	 14.0162	  0.0000	  0.0000
444.7367	956.1258	300.9478	 13.8089	  0.0000	  0.0000
531.5788	946.6884	301.1059	 13.5472	  0.0000	  0.0000
618.4209	937.3214	301.2723	 13.2849	  0.0000	  0.0000
715.7893	926.9052	301.6274	 12.9778	  0.0000	  0.0000
813.1577	916.5822	301.9866	 12.6706	  0.0000	  0.0000
921.0525	905.2525	302.4500	 12.3276	  0.0000	  0.0000
1028.9473	894.0380	302.9165	 11.9847	  0.0000	  0.0000
1147.3684	881.8616	303.4563	 11.6199	  0.0000	  0.0000
1265.7894	869.8226	303.9965	 11.2574	  0.0000	  0.0000
1394.7368	856.8688	304.5871	 10.8843	  0.0000	  0.0000
1523.6841	844.0748	305.1745	 10.5168	  0.0000	  0.0000
1663.1577	830.4150	305.8201	 10.1432	  0.0000	  0.0000
1802.6315	816.9391	306.4650	  9.7862	  0.0000	  0.0000
1952.6316	802.6501	307.1673	  9.6205	  0.0000	  0.0000
2102.6316	788.5712	307.8676	  9.5359	  0.0000	  0.0000
2263.1580	773.7347	308.6213	  9.4199	  0.0000	  0.0000
2423.6843	759.1326	309.3722	  9.2926	  0.0000	  0.0000
2594.7368	743.8276	310.1708	  9.1337	  0.0000	  0.0000
2765.7896	728.7811	310.9651	  8.9634	  0.0000	  0.0000
2947.3687	713.0873	311.8214	  8.7614	  0.0000	  0.0000
3128.9475	697.6765	312.6791	  8.5407	  0.0000	  0.0000
3321.0527	681.6750	313.6090	  8.1300	  0.0000	  0.0000
3513.1580	665.9797	314.5418	  7.6744	  0.0000	  0.0000
3715.7896	649.7504	315.5306	  7.2183	  0.0000	  0.0000
3918.4211	633.8507	316.5175	  6.7677	  0.0000	  0.0000
4131.5791	617.4749	317.5689	  6.3230	  0.0000	  0.0000
4344.7368	601.4516	318.6124	  5.8875	  0.0000	  0.0000
4568.4209	585.0090	319.6990	  5.4571	  0.0000	  0.0000
4792.1050	568.9401	320.7864	  5.0458	  0.0000	  0.0000
5026.3154	552.5081	321.9329	  4.6354	  0.0000	  0.0000
5260.5259	536.4709	323.0909	  4.2577	  0.0000	  0.0000
5505.2627	520.1268	324.2990	  3.8789	  0.0000	  0.0000
5750.0000	504.1963	325.4733	  3.5342	  0.0000	  0.0000
6000.0000	488.3397	326.6449	  3.2046	  0.0000	  0.0000
6250.0000	472.8943	327.7940	  2.8931	  0.0000	  0.0000
6500.0000	457.8502	328.9221	  2.6171	  0.0000	  0.0000
6750.0000	443.1984	330.0413	  2.3545	  0.0000	  0.0000
7000.0000	428.9300	331.1461	  2.1123	  0.0000	  0.0000
7250.0000	415.0364	332.2277	  1.8938	  0.0000	  0.0000
7500.0000	401.5089	333.2945	  1.6871	  0.0000	  0.0000
7750.0000	388.3388	334.3285	  1.5016	  0.0000	  0.0000
8000.0000	375.5172	335.3048	  1.3310	  0.0000	  0.0000
8250.0000	363.0349	336.2406	  1.1709	  0.0000	  0.0000
8500.0000	350.8829	337.1007	  1.0324	  0.0000	  0.0000
8750.0000	339.0526	337.9293	  0.9023	  0.0000	  0.0000
9000.0000	327.5365	338.7151	  0.7843	  0.0000	  0.0000
9250.0000	316.3267	339.4460	  0.6808	  0.0000	  0.0000
9500.0000	305.4157	340.1479	  0.5844	  0.0000	  0.0000
9750.0000	294.7965	340.7930	  0.5006	  0.0000	  0.0000
10000.0000	284.4618	341.3833	  0.4257	  0.0000	  0.0000
10250.0000	274.4047	341.9369	  0.3569	  0.0000	  0.0000
10500.0000	264.6187	342.4288	  0.3006	  0.0000	  0.0000
10750.0000	255.0974	342.8983	  0.2492	  0.0000	  0.0000
11000.0000	245.8353	343.3370	  0.2047	  0.0000	  0.0000
11250.0000	236.8267	343.7383	  0.1682	  0.0000	  0.0000
11500.0000	228.0661	344.1263	  0.1355	  0.0000	  0.0000
11750.0000	219.5487	344.5007	  0.1090	  0.0000	  0.0000
12000.0000	211.2695	344.8488	  0.0870	  0.0000	  0.0000
12250.0000	203.2237	345.1916	  0.0638	  0.0000	  0.0000
12500.0000	195.4085	345.6909	  0.0243	  0.0000	  0.0000
12750.0000	187.8211	346.1833	  0.0089	  0.0000	  0.0000
13000.0000	180.4561	346.6170	  0.0076	  0.0000	  0.0000
13250.0000	173.3094	347.1091	  0.0055	  0.0000	  0.0000
13500.0000	166.3784	347.7375	  0.0044	  0.0000	  0.0000
13750.0000	159.6611	348.5061	  0.0037	  0.0000	  0.0000
14000.0000	153.1556	349.4525	  0.0029	  0.0000	  0.0000
14250.0000	146.8622	350.8022	  0.0021	  0.0000	  0.0000
14500.0000	140.7879	353.2664	  0.0013	  0.0000	  0.0000
14750.0000	134.9406	356.4629	  0.0010	  0.0000	  0.0000
15000.0000	129.3227	360.2802	  0.0010	  0.0000	  0.0000
15250.0000	123.9334	364.5325	  0.0010	  0.0000	  0.0000
15500.0000	118.7673	368.9447	  0.0010	  0.0000	  0.0000
15750.0000	113.8166	373.5157	  0.0010	  0.0000	  0.0000
16000.0000	109.0739	378.2765	  0.0010	  0.0000	  0.0000
16250.0000	104.5326	383.3323	  0.0010	  0.0000	  0.0000
16500.0000	100.1871	388.7898	  0.0010	  0.0000	  0.0000
16750.0000	 96.0328	394.7166	  0.0010	  0.0000	  0.0000
17000.0000	 92.0639	400.9853	  0.0010	  0.0000	  0.0000
17250.0000	 88.2730	407.3307	  0.0010	  0.0000	  0.0000
17500.0000	 84.6509	413.6248	  0.0020	  0.0000	  0.0000
17750.0000	 81.1890	419.9946	  0.0027	  0.0000	  0.0000
18000.0000	 77.8803	426.6225	  0.0027	  0.0000	  0.0000
18250.0000	 74.7192	433.5913	  0.0027	  0.0000	  0.0000
18500.0000	 71.7005	440.9796	  0.0027	  0.0000	  0.0000
18750.0000	 68.8181	448.4522	  0.0027	  0.0000	  0.0000
19000.0000	 66.0653	455.9937	  0.0027	  0.0000	  0.0000
19250.0000	 63.4352	463.5432	  0.0027	  0.0000	  0.0000
19500.0000	 60.9214	471.0964	  0.0027	  0.0000	  0.0000
19750.0000	 58.5177	478.5865	  0.0027	  0.0000	  0.0000
20000.0000	 56.2180	486.0615	  0.0027	  0.0000	  0.0000
20250.0000	 54.0174	493.5774	  0.0027	  0.0000	  0.0000
20500.0000	 51.9108	501.1185	  0.0027	  0.0000	  0.0000
20750.0000	 49.8936	508.6585	  0.0027	  0.0000	  0.0000
21000.0000	 47.9615	516.1901	  0.0027	  0.0000	  0.0000
21250.0000	 46.1102	523.7195	  0.0027	  0.0000	  0.0000
21500.0000	 44.3358	531.2640	  0.0027	  0.0000	  0.0000
21750.0000	 42.6348	538.8301	  0.0027	  0.0000	  0.0000
22000.0000	 41.0036	546.3987	  0.0027	  0.0000	  0.0000
22250.0000	 39.4390	553.9879	  0.0027	  0.0000	  0.0000
22500.0000	 37.9380	561.5983	  0.0027	  0.0000	  0.0000
22750.0000	 36.4976	569.2079	  0.0027	  0.0000	  0.0000
23000.0000	 35.1150	576.7830	  0.0027	  0.0000	  0.0000
23250.0000	 33.7875	584.2864	  0.0027	  0.0000	  0.0000
23500.0000	 32.5124	591.7869	  0.0027	  0.0000	  0.0000
23750.0000	 31.2875	599.2898	  0.0027	  0.0000	  0.0000
24000.0000	 30.1107	606.8842	  0.0027	  0.0000	  0.0000
24250.0000	 28.9798	614.4916	  0.0027	  0.0000	  0.0000
24500.0000	 27.8930	622.1011	  0.0027	  0.0000	  0.0000
24750.0000	 26.8483	629.7119	  0.0027	  0.0000	  0.0000
25000.0000	 25.8439	637.3381	  0.0027	  0.0000	  0.0000
25250.0000	 24.8782	644.9660	  0.0027	  0.0000	  0.0000
25500.0000	 23.9493	652.5930	  0.0027	  0.0000	  0.0000
25750.0000	 23.0559	660.2268	  0.0027	  0.0000	  0.0000
26000.0000	 22.1966	668.1899	  0.0027	  0.0000	  0.0000
26250.0000	 21.3703	676.1581	  0.0027	  0.0000	  0.0000
26500.0000	 20.5754	684.1265	  0.0027	  0.0000	  0.0000
26750.0000	 19.8107	692.0977	  0.0027	  0.0000	  0.0000
27000.0000	 19.0750	700.1230	  0.0027	  0.0000	  0.0000
27250.0000	 18.3670	708.1462	  0.0027	  0.0000	  0.0000
27500.0000	 17.6857	716.1764	  0.0027	  0.0000	  0.0000
27750.0000	 17.0300	724.2934	  0.0027	  0.0000	  0.0000
1000
	128
	1014.8
 25.0000	1002.6831	301.3677	 16.1806	  0.0000	  0.0000
 50.0000	999.8709	301.1698	 15.6324	  0.0000	  0.0000
105.2632	993.6678	300.9447	 14.9495	  0.0000	  0.0000
160.5263	987.4879	300.8564	 14.6447	  0.0000	  0.0000
226.3158	980.1644	300.8389	 14.4198	  0.0000	  0.0000
292.1052	972.8791	300.8484	 14.2279	  0.0000	  0.0000
368.4210	964.4763	300.8965	 14.0162	  0.0000	  0.0000
444.7367	956.1258	300.9478	 13.8089	  0.0000	  0.0000
531.5788	946.6884	301.1059	 13.5472	  0.0000	  0.0000
618.4209	937.3214	301.2723	 13.2849	  0.0000	  0.0000
715.7893	926.9052	301.6274	 12.9778	  0.0000	  0.0000
813.1577	916.5822	301.9866	 12.6706	  0.0000	  0.0000
921.0525	905.2525	302.4500	 12.3276	  0.0000	  0.0000
1028.9473	894.0380	302.9165	 11.9847	  0.0000	  0.0000
1147.3684	881.8616	303.4563	 11.6199	  0.0000	  0.0000
1265.7894	869.8226	303.9965	 11.2574	  0.0000	  0.0000
1394.7368	856.8688	304.5871	 10.8843	  0.0000	  0.0000
1523.6841	844.0748	305.1745	 10.5168	  0.0000	  0.0000
1663.1577	830.4150	305.8201	 10.1432	  0.0000	  0.0000
1802.6315	816.9391	306.4650	  9.7862	  0.0000	  0.0000
1952.6316	802.6501	307.1673	  9.6205	  0.0000	  0.0000
2102.6316	788.5712	307.8676	  9.5359	  0.0000	  0.0000
2263.1580	773.7347	308.6213	  9.4199	  0.0000	  0.0000
2423.6843	759.1326	309.3722	  9.2926	  0.0000	  0.0000
2594.7368	743.8276	310.1708	  9.1337	  0.0000	  0.0000
2765.7896	728.7811	310.9651	  8.9634	  0.0000	  0.0000
2947.3687	713.0873	311.8214	  8.7614	  0.0000	  0.0000
3128.9475	697.6765	312.6791	  8.5407	  0.0000	  0.0000
3321.0527	681.6750	313.6090	  8.1300	  0.0000	  0.0000
3513.1580	665.9797	314.5418	  7.6744	  0.0000	  0.0000
3715.7896	649.7504	315.5306	  7.2183	  0.0000	  0.0000
3918.4211	633.8507	316.5175	  6.7677	  0.0000	  0.0000
4131.5791	617.4749	317.5689	  6.3230	  0.0000	  0.0000
4344.7368	601.4516	318.6124	  5.8875	  0.0000	  0.0000
4568.4209	585.0090	319.6990	  5.4571	  0.0000	  0.0000
4792.1050	568.9401	320.7864	  5.0458	  0.0000	  0.0000
5026.3154	552.5081	321.9329	  4.6354	  0.0000	  0.0000
5260.5259	536.4709	323.0909	  4.2577	  0.0000	  0.0000
5505.2627	520.1268	324.2990	  3.8789	  0.0000	  0.0000
5750.0000	504.1963	325.4733	  3.5342	  0.0000	  0.0000
6000.0000	488.3397	326.6449	  3.2046	  0.0000	  0.0000
6250.0000	472.8943	327.7940	  2.8931	  0.0000	  0.0000
6500.0000	457.8502	328.9221	  2.6171	  0.0000	  0.0000
6750.0000	443.1984	330.0413	  2.3545	  0.0000	  0.0000
7000.0000	428.9300	331.1461	  2.1123	  0.0000	  0.0000
7250.0000	415.0364	332.2277	  1.8938	  0.0000	  0.0000
7500.0000	401.5089	333.2945	  1.6871	  0.0000	  0.0000
7750.0000	388.3388	334.3285	  1.5016	  0.0000	  0.0000
8000.0000	375.5172	335.3048	  1.3310	  0.0000	  0.0000
8250.0000	363.0349	336.2406	  1.1709	  0.0000	  0.0000
8500.0000	350.8829	337.1007	  1.0324	  0.0000	  0.0000
8750.0000	339.0526	337.9293	  0.9023	  0.0000	  0.0000
9000.0000	327.5365	338.7151	  0.7843	  0.0000	  0.0000
9250.0000	316.3267	339.4460	  0.6808	  0.0000	  0.0000
9500.0000	305.4157	340.1479	  0.5844	  0.0000	  0.0000
9750.0000	294.7965	340.7930	  0.5006	  0.0000	  0.0000
10000.0000	284.4618	341.3833	  0.4257	  0.0000	  0.0000
10250.0000	274.4047	341.9369	  0.3569	  0.0000	  0.0000
10500.0000	264.6187	342.4288	  0.3006	  0.0000	  0.0000
10750.0000	255.0974	342.8983	  0.2492	  0.0000	  0.0000
11000.0000	245.8353	343.3370	  0.2047	  0.0000	  0.0000
11250.0000	236.8267	343.7383	  0.1682	  0.0000	  0.0000
11500.0000	228.0661	344.1263	  0.1355	  0.0000	  0.0000
11750.0000	219.5487	344.5007	  0.1090	  0.0000	  0.0000
12000.0000	211.2695	344.8488	  0.0870	  0.0000	  0.0000
12250.0000	203.2237	345.1916	  0.0638	  0.0000	  0.0000
12500.0000	195.4085	345.6909	  0.0243	  0.0000	  0.0000
12750.0000	187.8211	346.1833	  0.0089	  0.0000	  0.0000
13000.0000	180.4561	346.6170	  0.0076	  0.0000	  0.0000
13250.0000	173.3094	347.1091	  0.0055	  0.0000	  0.0000
13500.0000	166.3784	347.7375	  0.0044	  0.0000	  0.0000
13750.0000	159.6611	348.5061	  0.0037	  0.0000	  0.0000
14000.0000	153.1556	349.4525	  0.0029	  0.0000	  0.0000
14250.0000	146.8622	350.8022	  0.0021	  0.0000	  0.0000
14500.0000	140.7879	353.2664	  0.0013	  0.0000	  0.0000
14750.0000	134.9406	356.4629	  0.0010	  0.0000	  0.0000
15000.0000	129.3227	360.2802	  0.0010	  0.0000	  0.0000
15250.0000	123.9334	364.5325	  0.0010	  0.0000	  0.0000
15500.0000	118.7673	368.9447	  0.0010	  0.0000	  0.0000
15750.0000	113.8166	373.5157	  0.0010	  0.0000	  0.0000
16000.0000	109.0739	378.2765	  0.0010	  0.0000	  0.0000
16250.0000	104.5326	383.3323	  0.0010	  0.0000	  0.0000
16500.0000	100.1871	388.7898	  0.0010	  0.0000	  0.0000
16750.0000	 96.0328	394.7166	  0.0010	  0.0000	  0.0000
17000.0000	 92.0639	400.9853	  0.0010	  0.0000	  0.0000
17250.0000	 88.2730	407.3307	  0.0010	  0.0000	  0.0000
17500.0000	 84.6509	413.6248	  0.0020	  0.0000	  0.0000
17750.0000	 81.1890	419.9946	  0.0027	  0.0000	  0.0000
18000.0000	 77.8803	426.6225	  0.0027	  0.0000	  0.0000
18250.0000	 74.7192	433.5913	  0.0027	  0.0000	  0.0000
18500.0000	 71.7005	440.9796	  0.0027	  0.0000	  0.0000
18750.0000	 68.8181	448.4522	  0.0027	  0.0000	  0.0000
19000.0000	 66.0653	455.9937	  0.0027	  0.0000	  0.0000
19250.0000	 63.4352	463.5432	  0.0027	  0.0000	  0.0000
19500.0000	 60.9214	471.0964	  0.0027	  0.0000	  0.0000
19750.0000	 58.5177	478.5865	  0.0027	  0.0000	  0.0000
20000.0000	 56.2180	486.0615	  0.0027	  0.0000	  0.0000
20250.0000	 54.0174	493.5774	  0.0027	  0.0000	  0.0000
20500.0000	 51.9108	501.1185	  0.0027	  0.0000	  0.0000
20750.0000	 49.8936	508.6585	  0.0027	  0.0000	  0.0000
21000.0000	 47.9615	516.1901	  0.0027	  0.0000	  0.0000
21250.0000	 46.1102	523.7195	  0.0027	  0.0000	  0.0000
21500.0000	 44.3358	531.2640	  0.0027	  0.0000	  0.0000
21750.0000	 42.6348	538.8301	  0.0027	  0.0000	  0.0000
22000.0000	 41.0036	546.3987	  0.0027	  0.0000	  0.0000
22250.0000	 39.4390	553.9879	  0.0027	  0.0000	  0.0000
22500.0000	 37.9380	561.5983	  0.0027	  0.0000	  0.0000
22750.0000	 36.4976	569.2079	  0.0027	  0.0000	  0.0000
23000.0000	 35.1150	576.7830	  0.0027	  0.0000	  0.0000
23250.0000	 33.7875	584.2864	  0.0027	  0.0000	  0.0000
23500.0000	 32.5124	591.7869	  0.0027	  0.0000	  0.0000
23750.0000	 31.2875	599.2898	  0.0027	  0.0000	  0.0000
24000.0000	 30.1107	606.8842	  0.0027	  0.0000	  0.0000
24250.0000	 28.9798	614.4916	  0.0027	  0.0000	  0.0000
24500.0000	 27.8930	622.1011	  0.0027	  0.0000	  0.0000
24750.0000	 26.8483	629.7119	  0.0027	  0.0000	  0.0000
25000.0000	 25.8439	637.3381	  0.0027	  0.0000	  0.0000
25250.0000	 24.8782	644.9660	  0.0027	  0.0000	  0.0000
25500.0000	 23.9493	652.5930	  0.0027	  0.0000	  0.0000
25750.0000	 23.0559	660.2268	  0.0027	  0.0000	  0.0000
26000.0000	 22.1966	668.1899	  0.0027	  0.0000	  0.0000
26250.0000	 21.3703	676.1581	  0.0027	  0.0000	  0.0000
26500.0000	 20.5754	684.1265	  0.0027	  0.0000	  0.0000
26750.0000	 19.8107	692.0977	  0.0027	  0.0000	  0.0000
27000.0000	 19.0750	700.1230	  0.0027	  0.0000	  0.0000
27250.0000	 18.3670	708.1462	  0.0027	  0.0000	  0.0000
27500.0000	 17.6857	716.1764	  0.0027	  0.0000	  0.0000
27750.0000	 17.0300	724.2934	  0.0027	  0.0000	  0.0000
